EnterX = 2424.988525
EnterY = 1507.832153
EnterZ = 10.671875
ExitX = 223.429290
ExitY = 1287.306518
ExitZ = 1082.140014
HouseName = House
Owner = Apartment
Price = 0
Level = 1
Interior = 1
VW = 1
On_Sell = 1
Lock = 0
RentPrice = 100
PlayerRent = Nobody
Money = 0
Gun1 = 0
Gun2 = 0
Ammo1 = 0
Ammo2 = 0
LockPass = 1111
hCarX = 0.000000
hCarY = 0.000000
hCarZ = 0.000000
hCarA = 0.000000
hCarC1 = 0
hCarC2 = 0
hCarID = 0
hCarMoney = 0
hCarGun1 = 0
hCarGun2 = 0
hCarAmmo1 = 0
hCarAmmo2 = 0
PhoneNum = 3615
Address = Blueberry Acres 0
DayEnter = 4
MonthEnter = 2
