EnterX = -26.769950
EnterY = 1215.404907
EnterZ = 19.352293
ExitX = 223.429290
ExitY = 1287.306518
ExitZ = 1082.140014
HouseName = HOUSE
Owner = Vakil_Vandumurugan
Price = 0
Level = 2
Interior = 1
VW = 2
On_Sell = 0
Lock = 0
RentPrice = 100
PlayerRent = Nobody
Money = 0
Gun1 = 0
Gun2 = 0
Ammo1 = 0
Ammo2 = 0
LockPass = 1111
hCarX = -30.562389
hCarY = 1213.366333
hCarZ = 19.352293
hCarA = 358.689544
hCarC1 = 106
hCarC2 = 78
hCarID = 411
hCarMoney = 0
hCarGun1 = 0
hCarGun2 = 0
hCarAmmo1 = 0
hCarAmmo2 = 0
PhoneNum = 2621
Address = Fort Carson 1
DayEnter = 5
MonthEnter = 1
