posX=2398.492431
posY=1503.920532
posZ=10.895937
