posX=1716.436523
posY=2063.409912
posZ=10.820312

