posX=1741.705200
posY=1129.040649
posZ=10.662418
