posX=1733.921142
posY=390.393737
posZ=19.759710
