posX=2477.863525
posY=-12.111126
posZ=26.328130
