posX=1390.670288
posY=1728.939086
posZ=17.430225
