posX=1690.668212
posY=1451.073730
posZ=10.766116
