posX=0.000000
posY=0.000000
posZ=0.000000
