posX=190.452697
posY=-73.565147
posZ=14.521417
