posX=1471.604614
posY=1122.328857
posZ=11.579687
