pSpawnX = 0.000000
pSpawnY = 0.000000
pSpawnZ = 0.000000
pSpawn = 0
pSpawnInt = 0
pVW = 0
RobHouse = 0
HouseID = 999
Bill = 0
